Time Window: 24h

Super Summary - Total Irrigation Gallons (C0, C1, C2): 0.00
Super Summary - Total Well 3 Gallons (C3Z1): 0.00

================================================================================

Controller   Zone   TotalFlow  TotalMinutes AvgPSI   AvgTempF   AvgAmps    GPM      Updated 
--------------------------------------------------------------------------------------------
0            0      0.00       0.00         0.00     0.00       0.000      0.00     false   
0            1      0.00       0.00         0.00     0.00       0.000      0.00     false   
0            2      0.00       0.00         0.00     0.00       0.000      0.00     false   
0            3      0.00       0.00         0.00     0.00       0.000      0.00     false   
0            4      0.00       0.00         0.00     0.00       0.000      0.00     false   
1            1      0.00       0.00         0.00     0.00       0.000      0.00     false   
1            2      0.00       0.00         0.00     0.00       0.000      0.00     false   
1            3      0.00       0.00         0.00     0.00       0.000      0.00     false   
1            4      0.00       0.00         0.00     0.00       0.000      0.00     false   
1            5      0.00       0.00         0.00     0.00       0.000      0.00     false   
1            6      0.00       0.00         0.00     0.00       0.000      0.00     false   
1            7      0.00       0.00         0.00     0.00       0.000      0.00     false   
1            8      0.00       0.00         0.00     0.00       0.000      0.00     false   
1            9      0.00       0.00         0.00     0.00       0.000      0.00     false   
1            10     0.00       0.00         0.00     0.00       0.000      0.00     false   
1            11     0.00       0.00         0.00     0.00       0.000      0.00     false   
1            12     0.00       0.00         0.00     0.00       0.000      0.00     false   
1            13     0.00       0.00         0.00     0.00       0.000      0.00     false   
1            14     0.00       0.00         0.00     0.00       0.000      0.00     false   
1            15     0.00       0.00         0.00     0.00       0.000      0.00     false   
1            16     0.00       0.00         0.00     0.00       0.000      0.00     false   
1            17     0.00       0.00         0.00     0.00       0.000      0.00     false   
1            18     0.00       0.00         0.00     0.00       0.000      0.00     false   
1            19     0.00       0.00         0.00     0.00       0.000      0.00     false   
1            20     0.00       0.00         0.00     0.00       0.000      0.00     false   
1            21     0.00       0.00         0.00     0.00       0.000      0.00     false   
1            22     0.00       0.00         0.00     0.00       0.000      0.00     false   
1            23     0.00       0.00         0.00     0.00       0.000      0.00     false   
1            24     0.00       0.00         0.00     0.00       0.000      0.00     false   
1            25     0.00       0.00         0.00     0.00       0.000      0.00     false   
1            26     0.00       0.00         0.00     0.00       0.000      0.00     false   
1            27     0.00       0.00         0.00     0.00       0.000      0.00     false   
1            28     0.00       0.00         0.00     0.00       0.000      0.00     false   
1            29     0.00       0.00         0.00     0.00       0.000      0.00     false   
1            30     0.00       0.00         0.00     0.00       0.000      0.00     false   
1            31     0.00       0.00         0.00     0.00       0.000      0.00     false   
1            32     0.00       0.00         0.00     0.00       0.000      0.00     false   
2            1      0.00       0.00         0.00     0.00       0.000      0.00     false   
2            2      0.00       0.00         0.00     0.00       0.000      0.00     false   
2            3      0.00       0.00         0.00     0.00       0.000      0.00     false   
2            4      0.00       0.00         0.00     0.00       0.000      0.00     false   
2            5      0.00       0.00         0.00     0.00       0.000      0.00     false   
2            6      0.00       0.00         0.00     0.00       0.000      0.00     false   
2            7      0.00       0.00         0.00     0.00       0.000      0.00     false   
2            8      0.00       0.00         0.00     0.00       0.000      0.00     false   
2            9      0.00       0.00         0.00     0.00       0.000      0.00     false   
2            10     0.00       0.00         0.00     0.00       0.000      0.00     false   
2            11     0.00       0.00         0.00     0.00       0.000      0.00     false   
2            12     0.00       0.00         0.00     0.00       0.000      0.00     false   
2            13     0.00       0.00         0.00     0.00       0.000      0.00     false   
2            14     0.00       0.00         0.00     0.00       0.000      0.00     false   
2            15     0.00       0.00         0.00     0.00       0.000      0.00     false   
2            16     0.00       0.00         0.00     0.00       0.000      0.00     false   
2            17     0.00       0.00         0.00     0.00       0.000      0.00     false   
2            18     0.00       0.00         0.00     0.00       0.000      0.00     false   
2            19     0.00       0.00         0.00     0.00       0.000      0.00     false   
2            20     0.00       0.00         0.00     0.00       0.000      0.00     false   
2            21     0.00       0.00         0.00     0.00       0.000      0.00     false   
2            22     0.00       0.00         0.00     0.00       0.000      0.00     false   
2            23     0.00       0.00         0.00     0.00       0.000      0.00     false   
2            24     0.00       0.00         0.00     0.00       0.000      0.00     false   
2            25     0.00       0.00         0.00     0.00       0.000      0.00     false   
2            26     0.00       0.00         0.00     0.00       0.000      0.00     false   
2            27     0.00       0.00         0.00     0.00       0.000      0.00     false   
2            28     0.00       0.00         0.00     0.00       0.000      0.00     false   
2            29     0.00       0.00         0.00     0.00       0.000      0.00     false   
2            30     0.00       0.00         0.00     0.00       0.000      0.00     false   
2            31     0.00       0.00         0.00     0.00       0.000      0.00     false   
2            32     0.00       0.00         0.00     0.00       0.000      0.00     false   
3            1      0.00       0.00         0.00     0.00       0.000      0.00     false   
3            2      0.00       0.00         0.00     0.00       0.000      0.00     false   
3            3      0.00       0.00         0.00     0.00       0.000      0.00     false   
3            4      0.00       0.00         0.00     0.00       0.000      0.00     false   
3            5      0.00       0.00         0.00     0.00       0.000      0.00     false   
4            1      0.00       0.00         0.00     0.00       0.000      0.00     false   
4            2      0.00       0.00         0.00     0.00       0.000      0.00     false   
4            3      0.00       0.00         0.00     0.00       0.000      0.00     false   
4            4      0.00       0.00         0.00     0.00       0.000      0.00     false   
4            5      0.00       0.00         0.00     0.00       0.000      0.00     false   
5            1      0.00       0.00         0.00     0.00       0.000      0.00     false   
5            2      0.00       0.00         0.00     0.00       0.000      0.00     false   
5            3      0.00       0.00         0.00     0.00       0.000      0.00     false   
5            4      0.00       0.00         0.00     0.00       0.000      0.00     false   
5            5      0.00       0.00         0.00     0.00       0.000      0.00     false   
