Time Window: 7d

Super Summary - Total Irrigation Gallons (C0, C1, C2): 1542.49
Super Summary - Total Well 3 Gallons (C3Z1): 2099.29

================================================================================

Controller   Zone   TotalFlow  TotalMinutes AvgPSI   AvgTempF   AvgAmps    GPM      Updated 
--------------------------------------------------------------------------------------------
0            0      289.00     30.99        44.78    76.04      1.479      9.33     true    
0            1      0.00       0.00         0.00     0.00       0.000      0.00     false   
0            2      0.00       0.00         0.00     0.00       0.000      0.00     false   
0            3      0.00       0.00         0.00     0.00       0.000      0.00     false   
0            4      0.00       0.00         0.00     0.00       0.000      0.00     false   
1            1      103.74     13.90        43.40    73.78      1.493      7.46     false   
1            2      142.31     14.67        45.93    73.21      1.454      9.70     false   
1            3      174.43     17.65        46.16    68.46      1.453      9.88     false   
1            4      197.49     14.67        48.55    68.39      1.447      13.46    false   
1            5      204.03     24.66        45.86    68.27      1.404      8.28     false   
1            6      210.65     24.62        45.67    68.35      1.404      8.56     false   
1            7      187.07     21.67        46.08    68.23      1.428      8.63     false   
1            8      329.30     21.65        46.79    80.03      1.482      15.21    true    
1            9      203.03     24.69        45.73    80.14      1.384      8.22     true    
1            10     202.58     24.64        45.68    79.95      1.383      8.22     true    
1            11     354.83     17.65        47.06    73.29      1.534      20.10    false   
1            12     203.23     17.67        46.04    73.05      1.430      11.50    false   
1            13     550.46     46.73        45.57    73.59      1.427      11.78    false   
1            14     694.62     46.63        47.13    73.77      1.448      14.90    false   
1            15     0.00       0.00         0.00     0.00       0.000      0.00     false   
1            16     545.81     28.96        45.90    74.82      1.496      18.85    false   
1            17     0.00       0.00         0.00     0.00       0.000      0.00     false   
1            18     0.00       0.00         0.00     0.00       0.000      0.00     false   
1            19     0.00       0.00         0.00     0.00       0.000      0.00     false   
1            20     0.00       0.00         0.00     0.00       0.000      0.00     false   
1            21     0.00       0.00         0.00     0.00       0.000      0.00     false   
1            22     0.00       0.00         0.00     0.00       0.000      0.00     false   
1            23     0.00       0.00         0.00     0.00       0.000      0.00     false   
1            24     0.00       0.00         0.00     0.00       0.000      0.00     false   
1            25     0.00       0.00         0.00     0.00       0.000      0.00     false   
1            26     0.00       0.00         0.00     0.00       0.000      0.00     false   
1            27     0.00       0.00         0.00     0.00       0.000      0.00     false   
1            28     0.00       0.00         0.00     0.00       0.000      0.00     false   
1            29     0.00       0.00         0.00     0.00       0.000      0.00     false   
1            30     0.00       0.00         0.00     0.00       0.000      0.00     false   
1            31     0.00       0.00         0.00     0.00       0.000      0.00     false   
1            32     0.00       0.00         0.00     0.00       0.000      0.00     false   
2            1      10.61      0.82         42.86    0.00       1.621      12.99    true    
2            2      1.17       0.07         47.02    0.00       1.475      17.56    true    
2            3      219.62     13.65        46.51    71.83      1.480      16.09    false   
2            4      0.13       0.02         30.81    0.00       1.542      7.92     true    
2            5      180.59     11.67        46.02    78.94      1.492      15.48    true    
2            6      205.82     14.67        46.20    79.03      1.452      14.03    true    
2            7      120.27     9.62         46.28    78.99      1.423      12.50    true    
2            8      200.78     11.65        46.38    67.21      1.486      17.23    false   
2            9      196.24     12.64        47.25    67.05      1.506      15.53    false   
2            10     232.44     12.67        46.85    67.58      1.514      18.35    false   
2            11     208.99     14.62        47.27    67.63      1.456      14.29    false   
2            12     0.00       0.00         0.00     0.00       0.000      0.00     false   
2            13     189.86     13.67        47.06    67.95      1.452      13.89    false   
2            14     0.00       0.00         0.00     0.00       0.000      0.00     false   
2            15     0.00       0.00         0.00     0.00       0.000      0.00     false   
2            16     0.00       0.00         0.00     0.00       0.000      0.00     false   
2            17     0.00       0.00         0.00     0.00       0.000      0.00     false   
2            18     0.00       0.00         0.00     0.00       0.000      0.00     false   
2            19     0.00       0.00         0.00     0.00       0.000      0.00     false   
2            20     0.00       0.00         0.00     0.00       0.000      0.00     false   
2            21     0.00       0.00         0.00     0.00       0.000      0.00     false   
2            22     0.00       0.00         0.00     0.00       0.000      0.00     false   
2            23     0.00       0.00         0.00     0.00       0.000      0.00     false   
2            24     0.00       0.00         0.00     0.00       0.000      0.00     false   
2            25     0.00       0.00         0.00     0.00       0.000      0.00     false   
2            26     0.00       0.00         0.00     0.00       0.000      0.00     false   
2            27     0.00       0.00         0.00     0.00       0.000      0.00     false   
2            28     0.00       0.00         0.00     0.00       0.000      0.00     false   
2            29     0.00       0.00         0.00     0.00       0.000      0.00     false   
2            30     0.00       0.00         0.00     0.00       0.000      0.00     false   
2            31     0.00       0.00         0.00     0.00       0.000      0.00     false   
2            32     0.00       0.00         0.00     0.00       0.000      0.00     false   
3            1      2099.29    211.35       4.14     63.37      1.556      9.93     true    
3            2      0.00       43.86        84.08    76.61      1.117      0.00     true    
3            3      0.00       0.00         0.00     0.00       0.000      0.00     false   
3            4      0.00       0.00         0.00     0.00       0.000      0.00     false   
3            5      0.00       0.00         0.00     0.00       0.000      0.00     false   
4            1      0.00       0.00         0.00     0.00       0.000      0.00     false   
4            2      0.00       0.00         0.00     0.00       0.000      0.00     false   
4            3      0.00       0.00         0.00     0.00       0.000      0.00     false   
4            4      0.00       0.00         0.00     0.00       0.000      0.00     false   
4            5      0.00       0.00         0.00     0.00       0.000      0.00     false   
5            1      0.00       0.00         0.00     0.00       0.000      0.00     false   
5            2      0.00       0.00         0.00     0.00       0.000      0.00     false   
5            3      0.00       0.00         0.00     0.00       0.000      0.00     false   
5            4      0.00       0.00         0.00     0.00       0.000      0.00     false   
5            5      0.00       0.00         0.00     0.00       0.000      0.00     false   
